5971
63
182
136
53
158
180
173
6
194
161
162
72
59
118
109
51
66
141
60
46
198
139
191
110
193
41
96
5
42
43
77
105
116
65
47
131
149
24
29
156
126
112
4
84
11
166
28
184
147
104
177
10
190
54
30
48
160
192
181
146
103
22
159
199
18
69
108
67
163
36
140
93
117
170
0
183
89
76
23
186
114
64
15
61
62
9
33
37
148
111
167
172
129
82
120
44
25
78
145
168
31
85
188
56
13
171
88
16
157
17
196
169
174
187
81
91
179
55
52
106
178
3
32
138
14
155
144
102
49
21
7
164
58
71
27
107
90
39
165
8
185
40
119
87
125
74
152
97
1
101
150
100
26
121
99
189
19
94
124
130
12
