7084
102
61
62
9
33
37
148
12
130
94
124
111
167
128
55
52
106
178
3
32
138
8
185
40
119
165
39
95
7
164
58
71
27
107
90
174
187
81
196
169
91
179
145
78
168
157
31
13
85
188
56
113
171
88
16
25
44
120
82
2
87
125
74
152
97
1
101
150
100
26
19
189
99
121
182
136
53
158
180
173
6
194
161
24
29
156
126
112
4
84
11
166
28
184
190
10
177
104
147
54
30
48
160
192
181
103
146
22
20
18
69
108
67
163
36
140
93
117
170
0
68
46
198
139
191
110
142
159
193
41
96
5
42
43
77
131
149
105
47
65
116
59
118
72
51
109
60
141
137
23
76
183
89
83
114
64
73
132
144
155
49
