16976
53
184
155
167
189
69
29
11
139
2
85
134
126
13
145
15
3
70
161
132
169
65
188
6
150
192
147
71
67
120
191
90
125
178
10
133
44
17
100
32
102
63
92
38
27
16
1
197
24
156
42
30
198
117
193
105
190
80
136
31
164
73
54
151
19
112
121
116
51
98
118
74
182
138
49
33
56
8
104
157
171
177
123
5
45
162
46
142
175
78
7
61
79
91
87
58
82
68
111
144
160
39
12
0
109
35
37
41
14
50
77
81
153
186
163
165
137
114
127
89
103
26
113
194
88
180
176
129
119
159
143
106
124
128
110
86
185
52
172
57
154
94
66
179
22
130
95
181
62
18
55
174
183
140
199
9
148
60
23
20
59
28
101
149
4
