4506
49
102
33
37
148
15
186
23
76
183
89
83
114
64
9
62
61
144
155
14
138
32
3
178
106
52
55
91
179
169
185
8
165
40
119
95
7
164
58
71
27
107
90
174
187
81
196
17
157
188
50
113
171
88
16
56
13
31
168
78
82
44
120
2
87
125
74
152
97
1
150
101
26
100
19
189
99
121
53
158
154
194
161
162
72
59
118
65
47
77
149
131
166
11
126
29
156
112
4
190
10
177
104
147
54
30
48
160
103
146
181
192
184
28
43
105
116
5
96
41
193
115
198
139
191
110
163
69
108
67
36
140
93
117
170
0
68
46
60
141
66
51
151
133
6
173
180
136
182
63
94
130
12
124
111
167
128
