16103
32
131
151
54
117
198
24
1
197
38
27
16
42
156
30
193
31
164
73
105
136
190
80
46
162
175
78
142
45
5
7
177
123
171
87
61
79
91
58
77
50
14
81
153
186
165
137
114
127
89
103
26
113
194
88
176
180
163
129
119
106
124
128
110
86
185
52
172
57
154
94
47
60
23
148
66
179
22
130
95
181
62
18
55
174
183
140
199
59
28
101
149
4
53
184
155
189
167
69
159
143
41
37
35
109
0
29
39
12
111
82
68
8
104
56
144
160
33
49
11
139
43
126
195
145
15
3
70
161
13
132
169
65
188
6
150
192
85
2
138
182
25
19
112
121
116
98
51
120
67
71
125
90
191
178
10
133
44
17
100
63
102
