4768
22
159
163
69
108
67
36
140
93
117
170
0
68
46
198
139
191
193
41
96
5
42
43
105
116
118
60
141
66
176
80
63
182
136
94
130
12
148
37
33
9
62
61
15
186
23
76
183
89
83
114
64
73
132
144
155
102
49
138
32
3
178
106
52
55
91
179
145
168
81
187
174
119
40
165
39
95
7
164
58
71
27
107
90
8
185
169
196
17
157
188
50
171
88
16
56
13
31
78
25
44
120
82
129
172
167
111
124
189
19
99
121
26
100
97
152
74
125
87
1
101
150
86
53
158
180
6
194
161
162
72
59
65
47
77
149
131
166
28
184
11
35
126
29
156
112
4
190
10
177
104
147
54
30
48
160
192
181
103
146
