16455
89
127
165
163
103
26
180
176
88
194
166
86
110
128
124
106
159
143
119
186
153
97
77
58
82
87
8
68
111
41
37
35
0
109
12
39
29
160
33
49
11
139
182
138
157
104
56
144
50
14
81
141
91
79
61
7
177
123
25
158
116
121
112
19
151
54
31
164
73
193
117
198
30
156
24
1
197
16
38
27
42
196
80
190
105
136
45
142
78
175
162
46
171
118
98
51
120
67
71
191
90
125
131
135
32
102
63
100
17
44
133
10
178
115
147
192
150
6
188
65
169
132
13
126
195
145
15
3
70
161
84
155
184
167
189
69
34
55
18
62
181
95
130
22
179
52
172
57
66
94
154
47
148
60
23
20
59
28
101
149
4
140
199
9
114
137
