16506
131
135
32
102
63
100
17
44
133
10
178
125
90
191
71
67
120
51
98
85
2
74
25
123
177
171
157
104
56
33
138
182
139
11
49
29
109
35
0
12
39
160
144
8
68
111
41
143
159
124
62
18
55
174
170
167
189
145
13
126
169
6
192
150
188
65
132
15
3
161
70
84
155
184
53
140
4
149
101
28
59
199
9
95
130
22
179
66
94
60
23
148
47
154
57
172
52
185
86
110
128
106
119
129
180
176
88
194
113
26
103
114
137
127
165
89
163
186
153
81
14
50
77
58
82
87
91
79
61
7
5
78
175
142
45
162
46
80
190
105
136
73
164
31
54
193
117
30
42
156
27
38
16
197
1
24
198
151
19
112
121
