9016
2
182
11
49
56
8
68
82
87
58
77
97
141
79
91
61
177
171
25
121
125
90
191
51
98
67
71
150
192
188
65
169
126
145
15
3
70
161
13
189
167
69
35
109
12
29
39
160
33
104
144
111
41
119
124
62
55
174
53
4
59
199
9
22
172
57
66
148
60
23
20
101
149
140
183
95
86
176
180
88
26
103
89
165
163
186
153
159
143
106
128
110
154
94
179
52
166
194
114
137
187
146
7
78
45
162
46
105
31
193
54
151
156
24
197
1
16
38
27
42
30
198
117
73
136
190
80
175
142
5
173
19
112
131
102
63
17
133
44
10
178
122
32
96
100
40
107
116
118
74
85
