4368
13
16
88
171
113
56
188
157
17
196
81
187
174
169
91
179
185
40
119
165
39
90
107
27
71
58
164
7
95
8
138
14
155
144
61
9
62
64
114
83
89
183
76
23
186
15
148
37
33
102
49
32
3
178
52
55
128
167
111
124
12
130
94
74
152
19
189
99
182
136
63
176
66
141
60
118
116
105
77
28
184
42
5
96
41
193
191
139
198
46
68
0
170
117
93
140
36
67
108
69
163
159
195
146
103
192
160
48
30
54
147
104
177
10
190
4
112
156
29
126
11
166
131
149
47
65
59
72
109
51
162
161
180
173
6
154
158
53
121
26
100
101
150
1
87
2
120
44
82
78
168
31
