6934
30
48
160
192
181
103
146
22
20
18
69
108
67
163
36
140
93
68
110
191
139
198
46
117
170
0
153
183
89
76
23
186
114
64
15
61
62
9
33
37
148
12
130
94
124
111
167
128
55
52
106
178
3
32
138
49
102
155
144
132
21
7
164
58
71
27
107
90
39
165
8
119
40
185
179
91
196
169
174
187
81
17
157
31
13
85
188
56
113
171
88
16
168
145
78
25
44
120
82
2
87
125
74
152
97
1
101
150
100
26
19
189
99
121
182
136
53
158
180
173
6
194
161
162
72
109
51
66
141
60
118
59
115
193
41
96
5
116
65
47
105
77
149
131
166
28
184
11
35
126
29
156
112
4
190
10
177
104
147
54
